8.55675585853925, 9.263621386764315, 9.346909199515766, 0.6164594292640686, 0
8.566270828459883, 9.230715018686062, 9.347015856429193, 0.8124363422393799, 0
8.56325158209527, 9.206021243354883, 9.34784488334662, 1.133072018623352, 0
8.561121918198475, 9.183627237700797, 9.342903264750051, 1.7518584728240967, 0
8.549551908519756, 9.168054613003159, 9.35246052654551, 2.6524436473846436, 0
8.587750085328441, 9.169930075703103, 9.361015003706735, 3.537949800491333, 0
8.618220760488704, 9.17203498163253, 9.373403682151576, 4.175829887390137, 0
8.640281375972389, 9.182293905390516, 9.37854607251583, 4.504075050354004, 0
8.718340043640902, 9.218224364842426, 9.401609407247085, 4.5648884773254395, 0
8.779154646985901, 9.247178806706176, 9.4346548569183, 4.647472858428955, 0
8.845574176030096, 9.291243737520162, 9.486144876934118, 4.763273239135742, 0
9.301417378668747, 9.736232740629593, 9.834807948481574, 4.373403549194336, 0
9.734439089883447, 10.095117385337087, 10.172696962618199, 4.269863605499268, 0
10.117066334932591, 10.364410706673356, 10.468123206670542, 4.587649822235107, 0
10.234121837809353, 10.451369118187378, 10.687092956240889, 4.724044322967529, 0
10.349695956279925, 10.559485785882577, 10.817910712745617, 4.773214340209961, 0
10.53909676400212, 10.68925789804445, 11.002099946400932, 4.4866838455200195, 0
10.769321643194962, 10.889235425294924, 11.311688845821816, 4.200196743011475, 0
10.928801349139086, 11.019884916129172, 11.474827640760669, 4.203607559204102, 0
10.985417880334058, 11.068908839206115, 11.48169045071464, 4.1163787841796875, 0
11.078623811286972, 11.110935218451349, 11.741793582332253, 3.8011884689331055, 0
11.404507134686002, 11.659967060855106, 12.017659125553045, 3.304274559020996, 0
12.362920624035407, 12.466514495403555, 12.622594536324705, 2.876988172531128, 0
12.43188866629351, 12.630309041760828, 13.403504427041785, 2.7946696281433105, 0
12.536258852292356, 12.728911413854812, 13.531229175595643, 2.8610689640045166, 0
13.147253553709955, 13.236505362725268, 13.773033160069254, 2.4573092460632324, 0
14.375875045260203, 14.384342321505725, 14.510444984024979, 2.1507651805877686, 0
16.307932178596975, 16.62138714190645, 16.857587547323966, 1.9887546300888062, 0
19.22606355312257, 19.260922386318764, 19.758254626960753, 1.9840198755264282, 0
21.956857515390816, 22.149247749765674, 22.264454891403112, 1.8102093935012817, 0
23.589225207772987, 23.619516796518386, 23.81216205835864, 1.12171471118927, 0
23.915714120855824, 24.02635129182808, 24.120756211070365, 0.4598253071308136, 0
23.98396553474862, 24.04025752293001, 24.197205763481584, 0.27291417121887207, 0
23.944356631913298, 24.058987667303157, 24.207358137273836, 0.35160356760025024, 0
23.912089746358458, 24.003929433546244, 24.231275071906733, 0.44157537817955017, 0
23.889353156192993, 23.933601422300182, 24.056654056739653, 0.4188683032989502, 0
23.73908798215253, 23.769733130724493, 23.789159454504652, 0.3338680565357208, 0
23.2054928902733, 23.450673379838456, 23.52036529775642, 0.23988601565361023, 0
22.860188944682896, 23.136061084531576, 23.273032054474818, 0.17577604949474335, 0
22.652103501318035, 22.801250093302865, 22.851101967595657, 0.18216587603092194, 0
22.65510334437758, 22.683263235991323, 22.70483587083555, 0.22421646118164062, 0
22.565658519086725, 22.56710715180394, 22.662127526551597, 0.2537808120250702, 0
22.460525841826918, 22.475968493950234, 22.650039554716063, 0.3089102506637573, 0
22.3008246497017, 22.34479366134687, 22.65569581094228, 0.31105369329452515, 0
22.224983193970424, 22.244986513682413, 22.626244589455244, 0.36594295501708984, 0
22.20465394631379, 22.224251531407898, 22.594776306774968, 0.3928285837173462, 0
22.229250150637085, 22.238272660950184, 22.605654038273205, 0.37232404947280884, 0
22.246148702183387, 22.25246611569786, 22.61440761360226, 0.35257983207702637, 0
22.267049178226642, 22.26766320627256, 22.625110691215642, 0.3454994559288025, 0
22.290213643574166, 22.29298193041906, 22.635882420501652, 0.3656451106071472, 0
22.31085257080173, 22.315761693002266, 22.654316797982368, 0.36643415689468384, 0
22.349043224749177, 22.370564208063975, 22.688185385293114, 0.3886524438858032, 0
22.390749178768893, 22.402004339946423, 22.714631907290165, 0.40093985199928284, 0
22.413876326449497, 22.428520647710467, 22.74420149994544, 0.3807750642299652, 0
22.441826393113875, 22.461712087365335, 22.767665455941934, 0.34684649109840393, 0
22.466422972028084, 22.49345939593949, 22.78343228613033, 0.39170610904693604, 0
22.50444252619427, 22.529726235130784, 22.8130291324594, 0.49138933420181274, 0
22.52868793897912, 22.55760467079899, 22.83774843790516, 0.7867189049720764, 0
22.57674406497726, 22.596373717029955, 22.880611016484174, 1.0853509902954102, 0
22.625217100266482, 22.63563158327472, 22.938182525429426, 1.2690951824188232, 0
22.67486415584231, 22.688709656497906, 22.996207290179022, 1.437441110610962, 0
22.73375164473735, 22.75410393013653, 23.05131844950785, 1.5783244371414185, 0
22.818286089958278, 22.82804529546476, 23.092626687427224, 1.7839257717132568, 0
23.191288904591918, 23.213861052429536, 23.378555874197637, 1.4958076477050781, 0
23.44658021930889, 23.59511950897703, 23.605212500244637, 1.4127856492996216, 0
23.513199084918554, 23.783404047903822, 24.007909059567876, 1.602431058883667, 0
23.58980454809364, 23.99738062085253, 24.233468556852426, 1.6975688934326172, 0
23.66988543999093, 24.22404357765985, 24.48175587695729, 1.6493672132492065, 0
23.74601214653055, 24.480679141666275, 24.72578827903288, 1.6609565019607544, 0
23.78707705392946, 24.69160604321601, 24.96701295020365, 1.6856242418289185, 0
23.81060790379048, 24.900322809851364, 25.15516315870823, 1.5995296239852905, 0
23.828477691562075, 25.10083959863854, 25.406749379850364, 1.5178980827331543, 0
23.85525529477378, 25.443643287001358, 25.57494956334984, 1.492108702659607, 0
23.923478312482136, 25.78406196512551, 26.037400960031796, 1.41830575466156, 0
23.98339724573853, 26.270485607299605, 26.522284427044113, 1.4178483486175537, 0
24.029928723015058, 26.68193532095299, 26.95220719600103, 1.3729853630065918, 0
24.1813648241599, 26.712312126471492, 27.427351431628917, 1.6439603567123413, 0
24.367563611809732, 26.908032847044606, 27.74812858024456, 1.5984209775924683, 0
24.58968503122005, 27.05890004694246, 28.17915751991663, 1.3184603452682495, 0
24.806294725791968, 27.137070910597604, 28.78479830335504, 1.158011555671692, 0
25.167113251891017, 27.177719674084177, 29.475681016206014, 0.9630494713783264, 0
25.34252079742961, 27.15084389727585, 29.43745668158542, 0.8743486404418945, 0
25.227406884143424, 26.940476130413924, 29.056068243502036, 0.6962890625, 0
24.904312931157154, 26.77518088533371, 28.77857320254598, 0.44631755352020264, 0
24.66984733574514, 26.661149648292874, 28.942109130191202, 0.32077816128730774, 0
24.301245636129874, 26.158884667380757, 28.66021593348146, 0.27215316891670227, 0
23.645356429679424, 25.334389568738562, 27.85474268056109, 0.27387911081314087, 0
22.26705421814009, 23.57246288404839, 26.083523736259238, 0.2483559101819992, 0
20.018354297399778, 21.10506852796438, 23.347787978480504, 0.2240571528673172, 0
17.930467416530053, 18.41476373934035, 20.592392177272544, 0.2028103619813919, 0
17.132612741956017, 17.203782405191905, 18.996920337871803, 0.21062733232975006, 0
17.126661758542866, 17.20339061208664, 18.89758236313292, 0.2297263890504837, 0
17.135187973300194, 17.164974753484774, 18.801596239212394, 0.2306235283613205, 0
17.017813737956498, 17.19249922817648, 18.607077271048453, 0.25417160987854004, 0
17.018130103097615, 17.228041593615778, 18.33592686034661, 0.30452030897140503, 0
16.989097227729403, 17.244533443446958, 18.272593761281293, 0.36720290780067444, 0
16.98302833775691, 17.22390108057165, 18.20954832110241, 0.49661046266555786, 0
16.884533744502196, 17.197375152860605, 18.133255257686585, 0.6115837097167969, 0
16.81693148954769, 17.244938531665298, 17.98424749384039, 0.716477632522583, 0
16.827700132400334, 17.285334309976474, 17.873211023257664, 0.8340063691139221, 0
16.848878643331805, 17.3334702776488, 17.864874104079483, 0.9422675967216492, 0
16.89444660530135, 17.377059716760304, 17.87790358107553, 1.029586672782898, 0
16.928919822335498, 17.406580313251172, 17.90698553914673, 1.3968051671981812, 0
16.96999977198321, 17.452839329016967, 17.951001980313762, 2.2701590061187744, 0
17.02855511826754, 17.480221562728286, 18.00006862192608, 2.7325613498687744, 0
17.06170042428308, 17.512480129575287, 18.054417196137116, 2.8722426891326904, 0
17.092916885350345, 17.535332266530865, 18.08135608816864, 3.052032947540283, 0
17.132244620902384, 17.573831206992743, 18.120472342884693, 3.4813647270202637, 0
17.1904088689918, 17.635004988221002, 18.175703833734147, 4.206663131713867, 0
17.25709973345618, 17.6835172737836, 18.23463186572215, 4.912878036499023, 0
17.340872943711453, 17.76856874238959, 18.333387082285427, 5.231611251831055, 0
17.424635369462617, 17.80557139728779, 18.416251336790218, 5.371549129486084, 0
17.515186579922638, 17.882398034944366, 18.55198792446239, 5.500710964202881, 0
17.606737205384995, 17.950294662684144, 18.654678845615884, 5.794349193572998, 0
17.700579884906873, 18.034353747907627, 18.76585774431016, 6.139745235443115, 0
18.152723153602906, 18.409112168700045, 19.20153942753005, 5.969380855560303, 0
18.42490834973791, 18.53490823665781, 19.62822808073995, 6.142695426940918, 0
18.464936489792766, 18.592929580850505, 20.048411224570387, 6.724499225616455, 0
18.53298454358163, 18.65834069680628, 20.13034731160415, 6.908819198608398, 0
18.589427953365234, 18.756292349098356, 20.21880749299416, 7.033853530883789, 0
18.73401949895594, 18.961747885125362, 20.47494763271682, 6.804129600524902, 0
18.952209273787474, 19.19005785189593, 20.75655355529867, 6.646260738372803, 0
19.38545526871232, 19.616463123239285, 21.16735060716612, 6.37612771987915, 0
19.529645488337028, 19.784629162578867, 21.345955793255634, 6.402015209197998, 0
19.860534901323533, 20.02403786053154, 21.553775514357383, 6.3786468505859375, 0
20.555450194325932, 20.703908908544165, 22.140800444288995, 5.840440273284912, 0
21.847862582487558, 22.35044334330331, 23.68413337584731, 5.408240795135498, 0
24.429542201668696, 25.349471012241978, 27.017646836880765, 5.223850727081299, 0
25.445238416516286, 26.67318195085021, 28.573529250697007, 4.783037185668945, 0
26.034199447350183, 27.069536167034137, 29.076528309696236, 4.724898815155029, 0
27.153280810460405, 27.975697509702837, 29.707903286815956, 4.544559955596924, 0
28.53250458057815, 29.62947476007288, 31.053931571505007, 4.853302478790283, 0
30.594164760599615, 31.965449365005295, 33.31155981102298, 5.5464396476745605, 0
32.07059601073642, 33.47095697371051, 33.92345315871165, 5.500211715698242, 0
32.261949183884376, 33.324243008823544, 34.46066077449932, 4.092089653015137, 0
32.24689024602362, 33.08385115092763, 34.3627495488151, 3.2423086166381836, 0
32.13447586041782, 33.11805294161201, 34.32749824967939, 3.1461167335510254, 0
32.06924905163529, 33.73719101840261, 34.16457189290967, 3.8640456199645996, 0
32.225156320121, 34.26661438390712, 34.89252708085698, 4.802171230316162, 0
32.2912700499672, 34.41309972436252, 35.69772220239737, 3.860577344894409, 0
32.265968081386816, 34.62314586062434, 35.7850705488671, 2.116547107696533, 0
32.30514529589735, 34.90605032138471, 35.42211737916278, 1.554456114768982, 0
32.313805214100746, 35.02557019292184, 35.141983628633135, 1.2957029342651367, 0
32.453341663721766, 34.87608697635978, 34.99759916602721, 1.0995131731033325, 0
32.59097682238341, 34.725857216847224, 35.018802755675665, 0.8882669806480408, 0
32.5229379196336, 34.43850736387284, 35.1663665063225, 0.7383993268013, 0
32.347311078070724, 34.14997085898857, 35.15216260982868, 0.6482347846031189, 0
32.21487160072358, 33.93579901386292, 35.124677170607754, 0.6485453248023987, 0
32.16364857214549, 33.899808007367426, 35.10736551011128, 0.6978002190589905, 0
32.14093320820546, 33.89754192765244, 35.129846070497116, 0.8750348091125488, 0
32.159407443216836, 33.92786514138376, 35.15388153631703, 1.0419522523880005, 0
32.16717734131797, 33.94750546920154, 35.20229578533035, 1.3386316299438477, 0
32.18224343370776, 33.99906836825633, 35.22424260262986, 1.8287532329559326, 0
32.20651042219488, 34.06896019037833, 35.244532220690246, 2.4638710021972656, 0
32.24960852183888, 34.156336756308555, 35.283631228434906, 3.130629062652588, 0
32.32932978194012, 34.308513873788165, 35.35958183926829, 3.6579623222351074, 0
32.393656932473206, 34.413381284426755, 35.42577361225871, 3.9737353324890137, 0
32.4543851384498, 34.52480612596157, 35.490833622874185, 4.257030487060547, 0
32.4986233862046, 34.61889421919171, 35.54388549852012, 4.845643043518066, 0
32.5418152139541, 34.70795792296553, 35.580340626465244, 5.160741806030273, 0
32.57613222977374, 34.81242145751979, 35.627894602238364, 5.408334732055664, 0
